R: 87.000000 
R: 89.250000 
